15 0.208333 0.520833 0.131481 0.133333
15 0.474074 0.521528 0.133333 0.143056
15 0.338889 0.699306 0.148148 0.148611
15 0.608333 0.701389 0.142593 0.144444
15 0.742593 0.522222 0.129630 0.138889
15 0.113889 0.281944 0.079630 0.097222
15 0.203704 0.265278 0.092593 0.116667
15 0.309259 0.276389 0.103704 0.102778
15 0.410185 0.271528 0.105556 0.112500
15 0.516667 0.275694 0.100000 0.101389
15 0.614815 0.272917 0.092593 0.104167
15 0.712037 0.277083 0.105556 0.101389
15 0.803704 0.271528 0.085185 0.109722
15 0.890741 0.286111 0.088889 0.094444
