15 0.088097 0.709905 0.051418 0.176203
15 0.249850 0.665258 0.053561 0.200477
15 0.304996 0.625921 0.061016 0.273515
15 0.375696 0.621912 0.078156 0.298006
15 0.443183 0.628630 0.063159 0.273732
15 0.509598 0.617794 0.067444 0.278934
15 0.586168 0.617794 0.081412 0.289770
15 0.656911 0.617794 0.070700 0.273732
15 0.725469 0.621803 0.079270 0.292588
15 0.787043 0.650303 0.054675 0.213914
15 0.901663 0.558192 0.076013 0.181404
15 0.795098 0.443000 0.055703 0.173385
15 0.637630 0.402471 0.044991 0.173385
15 0.427672 0.409189 0.053561 0.181621
