15 0.214844 0.789583 0.053125 0.137500
15 0.276562 0.752778 0.065625 0.186111
15 0.340234 0.763889 0.069531 0.161111
15 0.399609 0.750000 0.052344 0.205556
15 0.458984 0.764583 0.061719 0.198611
15 0.528125 0.772917 0.076563 0.201389
15 0.593750 0.763194 0.070312 0.198611
15 0.650000 0.752778 0.050000 0.197222
15 0.710156 0.763889 0.065625 0.188889
15 0.767969 0.788194 0.054688 0.134722
15 0.623047 0.612500 0.057031 0.116667
15 0.566797 0.611111 0.053906 0.122222
15 0.514453 0.603472 0.057031 0.143056
15 0.457031 0.597222 0.070312 0.133333
15 0.395703 0.598611 0.050781 0.133333
15 0.340234 0.607639 0.055469 0.115278
15 0.299219 0.604167 0.059375 0.136111
